
# map 5
boundary 0.000000 -5.000000 0.000000 40.000000 15.000000 8.000000

block 3.100000 0.000000 2.100000 3.900000 5.000000 6.000000 255.000000 0.000000 0.000000

block 9.100000 0.000000 2.100000 9.900000 5.000000 6.000000 255.000000 0.000000 0.000000

block 15.100000 0.000000 2.100000 15.900000 5.000000 6.000000 255.000000 0.000000 0.000000

block 0.10 0.00 0.00 0.9 5.000000 3.900000 0.000000 0.000000 255.000000

block  1.0  2.0  0.0  30.5  10.0 5.0 255   0   0

block  1  6  0.0  30 10.0 5.0 255   0   0


block 6.100000 -5.000000 0.000000 6.900000 5.000000 3.900000 0.000000 0.000000 255.000000

block 12.100000 -5.000000 0.000000 12.900000 5.000000 3.900000 0.000000 0.000000 255.000000

block 18.100000 -5.000000 0.000000 18.900000 5.000000 3.900000 0.000000 0.000000 255.000000
